2.775404453277587891e+00 1.849611759185791016e+00
3.828148126602172852e+00 1.734118461608886719e+00
5.651257514953613281e+00 1.688370704650878906e+00
7.475209712982177734e+00 1.680246791839599609e+00
9.300391197204589844e+00 1.697043418884277344e+00
1.103435707092285156e+01 1.695110073089599609e+00
1.266803169250488281e+01 1.93492584228515625e+00
1.315559005737304688e+01 3.573270320892333984e+00
1.319308471679687500e+01 5.110162258148193359e+00
1.324398708343505859e+01 6.808045387268066406e+00
1.320587062835693359e+01 8.812158584594726562e+00
1.317775154113769531e+01 1.039849281311035156e+01
1.308286705017089844e+01 1.215956592559814453e+01
1.269116973876953125e+01 1.304349098205566406e+01
1.132855510711669922e+01 1.330544090270996094e+01
1.001482582092285156e+01 1.338727951049804688e+01
8.556406974792480469e+00 1.343830871582031250e+01
6.953704357147216797e+00 1.346025466918945312e+01
5.448281288146972656e+00 1.340069961547851562e+01
3.750601768493652344e+00 1.338894081115722656e+01
2.197587871551513672e+00 1.309178924560546875e+01
1.648979549407958984e+00 1.113714027404785156e+01
1.638838768005371094e+00 8.914575576782226562e+00
1.582886219024658203e+00 6.895450115203857422e+00
1.609868049621582031e+00 5.023091793060302734e+00
1.697061538696289062e+00 2.892292022705078125e+00
2.775404453277587891e+00 1.849611759185791016e+00
